3 71445
1 76728
2 85996
1 83843
3 21275
3 93184
2 1274
1 28638
2 14339
2 96941
3 47247
1 23333
2 14412
1 79261
3 73981
1 72755
3 4203
3 66490
2 95063
2 2857
3 92335
1 84398
3 10891
3 73997
2 8250
2 64364
1 44380
2 16862
1 74658
3 41482
1 96045
2 45469
1 13844
1 89962
3 13596
2 75342
1 66224
3 50673
3 81589
1 52626
2 19986
2 27376
2 50303
1 59992
1 9956
3 32030
3 31985
2 37107
2 58372
1 28815
3 47423
1 22008
1 26206
1 1111
1 77378
2 68850
3 67082
3 24068
3 84918
1 77187
1 86130
3 56721
3 90799
3 90235
1 56410
1 3424
3 19363
2 13165
3 54602
2 16428
3 55644
1 93763
3 67388
3 99969
2 55156
3 77143
3 95160
1 87643
3 49867
3 19127
3 23745
3 26175
1 35156
1 66622
2 71276
3 67429
1 10513
2 53602
2 62442
3 20709
1 63355
1 60832
1 35437
1 86
3 7991
1 33694
3 50702
1 59273
1 99043
3 87754
2 86476
3 16073
2 89255
1 45594
2 31693
3 17999
2 80385
2 92493
2 35939
2 99131
1 22916
3 82286
2 61750
2 43572
1 22895
3 63079
2 20173
2 15841
3 24658
3 9827
2 972
1 5837
2 51685
2 48048
2 56297
1 81737
3 6004
1 46231
3 95111
1 42813
2 59988
1 15611
2 7842
1 73374
1 65861
1 8522
2 47306
1 20730
2 52041
2 95574
2 89018
2 41921
1 88407
1 51809
2 69526
2 65783
3 52636
3 25412
2 3120
2 97517
3 27146
2 27358
1 371
2 3238
3 25380
3 95928
1 93236
3 44112
2 61980
2 11051
1 67004
2 3149
2 11755
1 15434
2 20825
1 83258
2 13588
1 86954
1 49515
2 73572
2 98133
2 67066
1 30343
2 21743
3 76675
3 84117
3 4500
3 14763
3 3356
1 91930
3 37048
3 59115
1 44634
3 68913
3 30341
3 80997
3 80202
2 2232
3 94017
1 6665
1 69472
2 63252
3 42407
2 15226
3 532
2 28548
3 69350
1 47040
3 73734
3 82294
3 31597
3 610
2 37748
1 62041
1 96760
1 19919
2 82932
3 37350
2 12755
1 38666
2 52106
2 60711
2 28573
1 33150
2 50731
3 61265
1 63486
1 13730
1 63389
3 52543
3 27664
1 76037
3 58600
1 94858
2 10286
3 4693
2 9407
2 26500
2 43937
2 95778
2 56281
3 59021
3 48169
1 54437
1 10505
1 23888
2 17203
3 34301
1 95391
2 26623
1 20692
1 3988
3 42043
3 1253
3 34856
2 77936
3 60972
3 16301
1 41277
2 41004
3 1990
2 27872
3 62778
3 93078
1 24172
2 31305
3 15417
3 32023
1 45663
1 3395
1 26278
1 17249
3 21854
1 62209
2 14070
1 53854
2 98729
2 80649
3 39690
3 11429
3 3122
3 81243
3 76378
2 12554
3 14904
2 37530
2 12885
3 66974
2 66717
3 90532
1 58198
3 29218
2 47316
2 21977
2 1403
1 93940
3 20483
2 22714
1 17183
2 26777
2 48737
3 49303
2 72774
3 39917
1 892
3 36331
2 47732
1 63358
1 79973
2 5962
3 64009
1 10078
1 91826
2 81159
2 51487
3 5879
3 94159
1 66458
2 72283
3 81787
3 82918
1 10949
3 11386
3 79619
1 96329
2 81251
3 39820
2 48419
2 95538
1 93214
3 84374
3 53335
3 6822
3 40502
3 67119
3 37831
1 49988
2 95934
2 36784
2 14465
1 69810
3 68836
3 45754
2 48909
3 484
2 86276
2 14223
3 61894
1 77732
3 97814
3 42338
3 95044
2 19920
1 32294
2 4607
3 31628
2 26599
3 50319
3 47136
3 36414
1 22141
3 46931
1 2552
3 2697
1 69253
3 27779
2 42830
2 3695
2 37745
1 3652
2 97491
3 76330
2 917
2 20872
3 16895
1 23556
2 34033
3 85902
2 74209
1 5667
2 58881
2 44844
1 48131
1 59359
3 6344
2 69580
2 59921
1 69099
1 53115
2 31477
1 80118
1 56837
3 66764
3 39520
3 4526
1 70920
2 48462
1 53829
3 18429
1 19250
3 44540
3 78002
2 98607
2 13521
3 11996
2 31613
2 70066
2 20216
3 26379
1 65702
3 44465
1 40425
2 18261
3 60345
1 63991
2 37726
1 61893
3 90505
1 25639
3 97152
1 10702
3 19941
3 52741
1 64441
2 92910
2 81740
1 65608
3 74569
2 78432
3 94383
1 4126
2 68490
3 10908
3 26398
1 18009
3 59071
2 13446
3 58631
1 55765
1 89592
1 53377
3 1325
2 64322
2 22506
1 61330
2 29969
1 4557
1 86044
1 98032
2 31619
1 79933
2 65609
3 10164
1 65068
2 12594
2 26607
2 93873
1 7798
1 39973
2 90867
3 50561
2 19920
3 4436
3 54203
1 4547
2 35866
1 1116
1 140
3 4848
3 53924
3 45938
1 27903
2 90915
3 99428
2 24487
1 83036
3 17021
3 36265
1 92343
1 32718
1 52392
2 86238
2 65721
2 42584
2 83184
3 65492
1 51222
2 12277
3 84848
1 38265
3 93846
3 77893
1 54702
2 81023
2 84671
3 56548
2 18502
1 14753
3 80487
3 92957
1 53414
3 88636
3 87336
3 75863
3 13399
3 52905
3 3040
2 52594
3 96325
1 19997
1 97737
2 49857
1 20224
1 56243
2 74013
2 27888
2 14647
1 90080
3 13096
2 49730
2 8755
3 1145
2 21836
3 18185
3 44663
1 57125
2 46568
3 87818
2 93716
1 57858
2 92922
3 27514
2 80649
3 62802
1 1349
2 40639
3 98516
1 55757
3 7708
1 91915
1 95247
1 76649
2 31387
1 16027
2 42017
1 625
2 10635
3 44547
1 14947
2 39391
3 9907
2 45221
2 42713
3 95803
1 3827
1 76468
2 60405
3 11872
3 48668
3 93686
2 35053
1 16929
1 66509
2 53122
2 89143
3 2944
2 34270
1 1509
1 7122
2 3120
2 41510
2 30052
1 72115
1 57286
2 48827
1 58728
1 99805
3 59198
3 93753
2 77189
2 16021
1 57624
1 2835
1 875
2 68137
1 84595
1 45705
3 69297
3 87059
1 11966
3 95436
3 20689
3 2856
2 49764
1 36277
1 65019
3 6503
2 65479
3 23213
2 91357
3 44742
3 8607
1 31931
3 14855
1 38978
2 48972
3 76610
2 47589
3 53253
1 88815
3 60170
2 29955
1 20435
1 58050
1 5133
3 47551
1 77593
1 35056
1 95887
2 58002
2 16920
1 35304
2 73155
1 4291
3 34890
3 47174
1 2793
3 29824
2 57748
2 46112
3 10180
2 14952
3 20064
2 6319
1 24977
2 95114
3 23927
2 5606
3 13822
2 15030
1 16760
1 6281
1 78444
1 69785
1 51791
2 10625
3 90132
1 41935
3 68267
2 2456
3 33387
2 67860
2 11870
1 47737
2 86238
2 86444
3 3554
2 55044
3 14678
1 82822
2 89502
1 71899
1 89351
2 58005
1 31680
2 97544
1 45843
1 28232
2 13235
3 82393
2 42290
2 89584
2 46238
3 46649
2 41579
3 37243
2 83267
3 41164
3 873
3 96809
1 64658
1 45747
3 33223
3 39341
1 59801
3 81000
3 28707
1 81842
1 71041
2 33578
1 61331
1 22315
3 60238
2 17519
1 54711
3 82356
2 32880
3 30061
3 69729
2 39193
3 26925
3 78635
2 54140
1 9897
3 97745
3 54849
1 7337
3 87454
1 65184
3 22654
1 30514
1 5709
1 73124
1 91663
2 2293
3 34134
2 16712
1 6930
3 94726
1 16135
3 75039
3 85026
2 95372
1 95007
2 83857
2 69469
3 1918
2 11160
3 54637
2 51814
3 3248
3 79458
3 16826
2 72217
3 37959
3 75044
3 66709
1 79370
3 28395
3 55094
3 5968
1 617
3 48018
1 90461
2 68688
1 90343
2 95362
1 20608
1 30854
1 95683
2 91609
3 97341
2 23488
2 7671
3 38519
1 6947
3 35144
3 8737
1 44735
2 60763
1 72264
2 3764
1 6114
2 36286
2 98139
1 49367
2 63463
3 67750
2 40075
2 21956
1 41584
1 28271
3 75541
1 91428
2 41068
3 44472
1 33664
1 61570
2 4609
3 85482
3 35791
1 33013
1 83199
2 41068
3 91877
1 51994
3 62140
2 13782
1 43337
3 14696
3 62774
2 21687
3 42729
3 19265
2 95523
2 92851
3 83492
1 99172
2 51262
3 7302
3 30676
1 10765
3 25282
1 63261
2 53886
2 73572
3 1558
3 6714
3 77500
1 91003
1 5845
3 72618
1 57406
2 17174
1 31850
2 31425
1 57642
2 85276
3 93477
3 45340
1 37371
2 46955
3 41837
2 56281
3 70813
3 9765
1 7978
3 25142
2 33660
1 4555
3 95029
1 49512
2 68232
3 20982
1 99605
1 21206
1 12409
3 37267
2 16039
1 38862
3 71315
1 79136
1 53299
1 88018
1 25618
3 7568
2 87352
3 30466
2 72407
1 41401
3 5700
2 44844
2 18880
1 97960
1 74351
1 94619
2 84271
3 33075
2 40898
2 96650
3 55212
2 83922
2 4245
2 82515
2 52177
2 76270
1 97430
2 61708
2 95052
3 2388
1 16672
1 40782
3 99221
3 14615
3 35427
3 63198
3 26008
3 84364
1 48010
2 89178
2 71612
1 81939
3 36825
2 85788
1 57523
3 57973
1 66607
3 69504
1 19591
1 64341
1 17711
2 66122
1 86286
3 38955
2 45344
3 74334
1 92930
1 33116
1 71892
3 98898
3 68614
3 60368
1 49346
1 50395
2 28942
3 24401
3 1103
1 50095
2 96425
1 81495
1 87594
1 58778
1 46622
3 62972
3 94228
2 51802
2 82542
3 87562
1 32121
3 79914
1 16501
3 51409
1 947
1 64171
1 85726
3 81378
1 85446
2 53514
1 29362
3 4043
1 11950
1 3080
3 58882
2 22227
2 84157
2 95063
3 24773
3 88696
1 97009
2 49468
2 50837
1 50299
2 97511
1 45940
1 7161
1 72620
3 66636
2 90276
3 33775
3 360
2 95778
2 67884
1 32296
1 45363
3 49878
2 71944
2 5961
1 90468
1 28123
3 81229
3 74563
2 19165
1 72852
3 94331
3 37067
3 36923
2 95623
1 76012
3 64736
2 67494
2 44611
3 2978
1 80684
1 59655
2 57378
3 26110
2 10994
1 83400
2 50559
1 7433
2 54193
3 63748
3 29025
1 79141
2 48295
1 33638
1 72812
3 8450
2 188
3 76901
1 96721
2 47283
3 61384
1 32299
1 55049
3 54936
1 10696
3 2315
3 58988
3 19306
2 26599
3 19113
3 17530
1 53974
2 9470
2 11504
2 95370
2 72806
3 14117
2 5821
3 36970
1 30623
3 13832
1 73971
2 88495
1 95943
2 94190
2 7145
2 50837
3 69946
3 13887
3 43040
3 26258
1 85764
1 31535
1 55008
1 69233
3 37932
1 30783
2 82515
3 3569
3 36193
3 87515
2 21086
1 22023
1 28570
1 7718
1 73725
3 10499
3 8302
1 88728
2 73963
3 89362
3 16362
3 28481
1 33501
3 58150
3 57460
3 25223
1 20727
2 73572
3 96635
1 35293
3 86303
2 49704
3 72809
2 75845
3 43673
3 546
2 80775
1 66128
3 35475
1 77065
2 32134
2 57796
2 34192
2 80958
2 42290
2 44365
3 72502
2 28961
3 10966
2 18195
1 85494
3 58407
2 776
3 11332
1 34844
3 4788
3 49369
1 7951
2 93466
1 69165
3 62698
3 49225
1 38303
1 28636
2 81341
2 62088
3 53655
2 66963
1 14594
2 75920
1 96936
3 24448
1 89044
3 93212
1 53388
3 1738
2 30607
1 70051
1 26242
3 91806
1 55789
3 38430
1 75810
3 72697
3 38185
1 8006
1 38233
1 84614
3 2364
2 70563
3 15157
3 42929
1 31591
1 49562
2 95538
1 43766
2 76381
3 92461
1 89766
3 40485
2 26962
2 65098
1 91369
2 75694
2 68898
1 68357
1 61524
3 58124
2 58024
3 74890
1 75252
3 22842
3 2209
2 94811
3 72974
1 2098
1 89235
2 95621
3 16660
3 34141
2 28848
3 34057
2 86093
2 62963
3 53700
1 21698
2 72275
3 174
3 97297
1 91883
3 30173
3 53645
3 82451
3 97101
3 11968
3 38512
1 16622
3 85637
2 94958
2 3387
2 86952
3 85236
3 24100
3 55040
3 46204
1 51252
2 72217
3 46514
2 79738
2 97550
2 25790
3 93279
2 76920
3 29395
2 39085
1 28538
2 96055
3 37522
1 84804
2 57771
2 74013
1 84078
2 12199
3 57315
1 48926
1 63241
2 69646
3 4166
2 69744
3 36129
3 6046
2 84081
2 35108
2 40100
1 39696
1 12600
1 4943
2 54154
1 99715
1 11979
3 94919
2 58025
3 9037
1 14910
3 13179
2 44285
3 3098
1 98038
2 4360
1 65373
2 48533
3 13610
3 36215
1 26631
2 46544
2 33492
3 38608
2 74353
2 89018
2 57699
2 30132
1 69136
3 6811
3 56840
3 45776
3 2427
2 6238
1 92895
1 68773
3 82745
3 81674
2 21022
2 98416
2 50815
1 65621
3 73754
2 95208
3 66109
1 77797
2 30973
2 5580
3 94554
2 42529
3 68405
1 50096
3 54784
2 77789
2 16334
3 74350
2 30728
3 80583
2 79738
1 609
1 55435
3 17774
1 33734
1 40902
3 81597
2 17496
3 94382
2 70670
2 67919
2 33299
1 4893
3 66923
1 5531
1 66505
3 8991
2 99193
3 88898
3 21231
2 12961
1 76070
3 46987
1 93171
3 20060
2 63424
3 79792
2 50559
2 29127
2 90896
1 61835
1 68409
3 60172
1 26506
2 93199
2 21671
3 88327
3 84541
3 46604
2 81740
1 64075
2 26444
3 45675
3 27738
3 27160
2 59148
1 66133
1 51932
2 84014
1 18468
2 3120
1 33742
1 79241
1 53262
1 86249
1 66838
1 20393
3 89182
3 25253
2 91321
1 23510
1 2123
1 22351
3 58152
1 60571
2 76191
2 64761
2 11926
2 89535
1 98143
3 54757
2 87555
2 53514
2 26460
3 18161
2 66963
3 98288
2 66041
2 58765
3 46019
2 45723
1 22042
3 45547
1 86872
1 855
2 11036
2 12370
2 77556
2 54125
3 54864
2 5829
3 39957
2 90934
1 7854
1 98213
1 85156
1 87544
2 42433
3 88605
2 85204
3 64673
3 73944
1 10544
3 20427
3 68516
3 88434
2 11036
3 54791
3 29946
1 65516
1 66808
2 38590
1 84372
2 19896
1 19354
2 41774
3 97106
1 3338
1 86791
2 86870
1 77057
3 33690
1 42745
3 59935
1 17972
2 9573
1 80014
2 77904
2 61094
3 15468
3 46035
3 27864
3 58488
3 83490
1 72148
1 14446
2 13795
1 71971
3 98388
2 95865
1 50064
2 69060
1 39301
3 46115
3 89157
1 74722
3 35372
3 64073
1 27745
3 7772
2 46940
3 27754
1 29793
3 5638
1 50483
2 82076
3 30630
1 92369
3 92467
3 3470
2 6262
1 25805
3 23910
1 24325
3 71106
3 74937
1 25979
1 18560
3 34315
1 53228
3 5193
2 25190
2 54586
2 48818
1 81954
2 47129
3 99296
2 20043
1 18434
2 93007
2 59515
3 96563
2 40203
3 50850
3 60411
3 5078
3 69191
1 72354
2 93119
3 98006
2 35127
1 76902
2 46475
2 45723
1 64695
2 81068
2 67514
3 21398
1 64256
1 69194
2 76163
3 48356
1 23201
2 60040
1 15569
2 40692
3 16717
1 55655
3 35180
2 92421
2 20216
3 90528
1 30241
3 93750
2 63365
2 68264
1 48646
2 30603
1 64744
3 539
1 51800
3 26742
1 16800
3 83285
1 80391
1 25719
1 62487
1 5710
2 99457
2 68264
3 48104
3 60101
2 97708
1 60970
3 17694
2 74108
1 69424
3 36721
1 24888
3 82993
2 73196
2 53309
2 74001
1 26294
2 40827
1 45390
2 72698
1 37066
2 94886
2 89670
2 37657
1 97548
2 34724
2 32931
3 12579
1 44671
1 99593
2 84297
1 78895
1 15918
1 72418
2 3465
2 37794
2 54061
2 38590
3 47777
1 77424
3 37721
3 23699
2 17174
1 46278
1 51484
1 31495
1 41299
3 64672
2 46117
3 96662
3 42154
3 10094
2 83685
3 75249
1 23151
2 41621
2 13033
1 25202
1 1004
1 20598
3 40215
2 13585
2 64493
3 52424
3 64125
3 21483
3 46857
3 71837
2 20419
2 43446
2 80809
1 51219
3 65089
3 96377
1 73074
1 30089
2 57894
2 17327
1 17106
3 14690
2 90734
2 42569
3 97569
3 92985
3 24766
1 95530
3 7016
3 28632
1 75081
1 46080
1 39086
2 94643
3 44999
1 83070
1 94536
1 92373
1 34414
2 76281
3 39839
1 45819
2 64081
2 32536
1 40571
1 79490
3 11236
2 34557
3 10968
3 89192
2 83216
3 8838
3 80495
1 68555
2 97439
2 19062
1 14074
1 78620
3 10985
2 10105
3 13461
1 80169
3 99079
1 96960
3 87494
2 48827
3 60958
2 8159
1 91685
3 5387
1 36174
1 44612
3 50936
1 55277
1 94365
3 79845
3 41624
2 94958
1 56787
1 88668
1 57908
1 88022
1 96555
2 86874
1 6826
1 79927
2 51044
3 72368
3 53719
1 33985
2 94319
3 93891
3 1843
1 67683
1 1769
1 24863
3 48878
1 12484
2 59598
2 63788
1 63710
2 24693
3 96992
2 36467
2 4830
1 16142
1 26516
3 88753
2 65216
1 11787
1 59668
2 98607
3 91463
3 84995
1 2727
3 9377
1 80286
2 13446
1 54485
2 35923
3 3647
1 32514
3 4312
3 26176
1 66179
1 77686
3 27128
2 69524
1 48571
2 6492
2 17881
1 77600
2 63788
2 22871
3 92883
2 14465
3 11684
3 30124
2 62159
2 55659
1 64645
2 76804
2 36365
1 32616
2 69469
2 93043
1 80411
1 90167
1 53933
3 80356
1 53443
2 46583
2 9336
2 89825
1 44434
2 26726
1 84238
1 9560
3 66024
3 49036
3 48655
1 72702
2 78778
1 81743
2 64821
1 80353
3 27232
3 37611
3 71979
1 40547
1 66690
1 30086
3 8577
1 71218
2 76164
3 99422
2 58854
1 83889
2 38408
1 97587
1 7218
3 62488
2 40100
1 94211
1 15397
2 19876
2 25434
1 26964
3 44432
2 17099
1 22860
1 69381
1 37747
3 16704
1 1849
1 42882
1 97387
3 5404
1 99709
3 89329
3 39274
1 1528
1 96146
3 43488
1 5726
1 41845
1 51368
1 7338
3 19145
2 46314
1 90666
2 35108
3 30459
3 32553
3 50711
3 54214
1 4253
1 4448
2 56308
3 93412
1 14856
1 76589
3 37681
1 78012
2 98362
2 44702
2 21328
2 75197
1 25325
1 774
2 81416
3 5864
2 25824
2 93738
1 68742
3 77263
3 13049
3 86298
1 61797
3 80218
1 82816
2 95523
2 10635
2 24054
1 413
2 70563
3 59204
3 19775
3 98549
1 73596
2 60415
3 24928
2 68688
3 46711
1 96921
1 83893
2 7732
3 1222
1 27708
1 88313
3 65296
1 47180
3 55310
1 53132
1 86583
3 46698
2 81189
1 24775
3 10615
2 28309
3 88830
2 24722
2 56608
3 55784
3 77751
3 86493
3 88955
3 84407
3 49293
3 7129
3 63552
2 2025
3 58353
2 64751
2 37977
2 60038
1 25522
2 74646
3 1816
2 65591
1 85410
3 77768
3 77688
2 69426
2 17642
1 47413
1 25422
1 98987
2 18471
2 42498
1 20647
2 68232
1 82154
1 71016
2 77936
2 29765
3 15556
2 81700
2 47932
1 11878
1 68508
2 54027
1 99040
3 20397
2 89958
3 75287
3 71907
3 90510
2 6071
1 2802
2 91392
1 31635
1 67718
1 65883
3 28378
1 43988
1 82682
1 22397
1 64167
1 54851
3 98137
3 31409
3 11333
1 65712
1 35562
2 89147
1 24254
2 52824
2 58413
2 97550
2 23488
3 91008
1 35879
1 75578
3 51181
1 21574
3 88450
3 47452
2 98769
2 61643
2 12313
2 42636
2 54977
3 66469
2 21943
1 70810
1 64219
2 3055
1 24677
3 254
1 90473
3 84435
3 50695
2 64939
1 95309
2 65705
2 38408
1 44340
2 64724
1 96359
1 51462
1 39047
1 84442
2 89825
1 88204
2 38241
1 80705
1 48127
2 82546
3 93325
2 59644
3 27267
1 62845
3 17400
1 55643
3 28702
3 66283
1 5213
2 85364
3 48225
3 65189
3 67673
2 92862
1 20973
3 55419
3 25462
3 96226
1 93442
2 66914
3 46815
2 56792
2 75737
3 12426
1 11187
1 73787
1 64577
3 19516
2 53672
1 50181
1 51662
3 80764
1 32166
2 4401
1 77586
2 10509
1 50193
2 383
3 56164
3 33411
3 51902
1 77988
3 64383
1 19924
1 70135
3 98472
3 78158
2 25040
3 21577
2 96249
2 82691
1 45239
1 11845
1 4836
1 72804
3 61310
2 632
2 67514
3 14914
2 39927
2 20355
1 49378
3 78690
2 98882
3 26133
2 86242
3 99958
3 2657
2 11046
2 28961
3 61550
2 99242
2 67884
2 67269
3 43645
3 48553
2 96361
2 63731
3 26864
2 79484
3 51
2 39609
3 64994
2 94319
3 47631
3 86720
2 17822
1 68796
2 9413
3 37956
1 11935
3 79734
1 77380
3 89058
2 746
2 10635
1 76431
1 35134
1 26257
2 43885
2 15343
2 38269
2 95063
1 49543
1 6384
3 24513
2 19876
1 91063
3 32883
3 27359
2 14762
2 90896
3 48055
2 82096
2 79983
1 48603
2 10123
2 26720
1 71321
3 27804
2 72217
3 46467
1 39950
3 51848
3 60852
3 84853
2 68369
3 9393
3 35143
1 58880
3 46988
1 81320
1 98727
3 22831
2 17642
3 19898
1 85374
1 298
3 67301
1 28317
3 19226
1 99999
1 22923
2 75748
2 75197
3 17573
3 50544
3 95290
3 68523
3 78384
2 69844
2 42964
2 1418
3 13135
2 47701
2 17480
2 85583
2 46666
1 41332
1 41353
2 69471
3 50670
3 6652
3 37672
1 58406
2 43505
1 38116
2 40075
1 20092
2 58724
2 95133
1 27238
1 19722
3 58234
3 77218
1 40186
2 57265
2 87837
2 51163
2 31190
1 24009
1 1011
1 35006
2 75976
3 17246
2 74873
2 66510
2 51937
3 84224
3 88156
1 29137
2 26962
3 54844
3 53892
3 88496
2 19927
3 30564
1 18861
2 40133
2 74302
1 17780
1 17727
3 5479
3 33539
2 76163
1 82735
3 44208
3 50772
1 64823
1 38609
1 77780
3 28886
1 78741
1 87553
1 56800
2 62426
2 53921
3 40798
3 52831
2 87915
1 5585
1 1152
2 95124
1 90964
1 27935
3 74718
2 23809
3 27115
2 36664
1 6588
2 38224
1 20234
3 2274
3 51967
1 38418
1 97690
1 95435
3 38271
2 41881
3 86752
3 68345
3 23287
1 48834
3 48175
1 8354
1 31962
2 24235
1 46509
3 80077
2 48211
2 67535
3 8552
3 43123
3 32595
2 76943
1 76608
1 4488
1 28008
1 18794
3 50600
2 29086
2 95259
2 29179
3 65986
3 14994
1 32945
1 18002
3 36205
2 45913
3 38238
3 20780
3 94315
1 46456
2 73781
3 66072
3 4739
2 34239
1 75822
3 30026
2 84897
1 31977
1 6620
1 33915
1 88927
2 29127
3 40329
3 83826
2 26055
3 86617
3 85452
1 7310
3 74403
2 94214
3 30773
1 56049
3 8163
1 2825
2 89712
1 39270
3 99109
3 29235
3 85115
3 29067
1 46866
1 8740
1 36801
2 13416
3 95086
3 95022
1 52013
2 57132
3 59208
1 70519
3 86241
2 1255
2 43731
2 56409
1 79877
1 86427
2 21551
1 28883
3 62568
1 2342
2 70223
2 34724
1 43230
1 69224
3 42366
2 7392
3 93256
1 79551
2 37260
3 70533
2 47009
2 16869
3 82109
2 48116
2 18195
3 38124
3 43791
2 44256
2 80102
2 55050
2 17014
1 70395
2 80755
1 13901
3 36408
1 19780
1 94380
2 85583
3 72378
2 6262
1 11231
3 51461
3 45361
2 55991
1 81492
3 9127
1 11169
1 311
1 87720
2 99131
2 752
3 44679
1 59037
1 20257
1 2866
2 42636
3 80956
1 41161
1 93586
3 82950
3 56183
1 74015
3 50244
3 64721
3 50141
2 30409
1 11904
3 52783
2 11219
3 23625
3 51518
1 87137
2 77904
2 38077
3 54341
2 19180
1 95349
1 25323
2 61932
1 31633
2 24722
3 40097
2 81880
3 77770
2 72887
1 4728
2 20677
2 94886
1 61447
1 25088
2 3653
3 62232
3 99967
2 4240
3 6101
3 63269
1 11818
2 5737
3 50329
2 49400
1 92414
2 11504
3 5320
2 78116
3 887
1 28136
3 67190
2 22822
3 56238
1 89093
3 84077
2 92232
2 52605
2 43785
1 75635
1 78378
3 57951
2 34956
3 43770
1 38657
1 3914
2 58981
1 22968
1 87109
2 4649
2 93192
1 77953
2 48873
3 82081
2 10888
3 53546
3 67328
1 17223
2 57107
2 48476
1 92825
2 42842
1 97664
1 49087
2 5821
2 54847
2 47589
3 22025
3 45208
3 1794
2 12337
1 5684
2 42967
1 19925
2 20383
2 85211
1 24432
2 52544
3 69269
3 14573
2 87202
3 85807
1 4642
2 65647
1 26545
1 95705
1 62367
3 37720
3 83109
3 38898
1 52816
2 78103
1 68618
3 1338
3 55322
1 44852
3 87369
3 18147
2 61441
3 86422
2 53305
2 27394
1 31664
2 7640
2 57614
2 94312
1 83674
2 16591
2 22186
1 97632
1 53359
1 90500
1 55272
1 78475
1 31216
1 34026
1 47611
1 52407
3 17951
2 94047
2 41478
2 39708
2 94811
2 2025
2 30416
2 55557
2 24345
3 2269
2 89130
3 83259
1 32015
2 42546
1 19417
3 26786
1 53641
2 47607
3 69700
3 52730
3 5216
2 83766
1 49430
2 60919
2 40075
1 94051
2 18580
1 13930
1 72560
3 77939
3 94899
3 54982
2 98490
3 99637
2 74964
3 44754
2 19377
1 91777
2 274
1 68820
2 33645
3 92415
1 48189
1 87241
1 14632
3 77544
1 31251
1 37232
1 96491
3 69595
3 57236
3 51209
3 35163
2 60394
2 75423
3 31805
1 89470
3 69110
3 13450
2 7815
1 21946
1 23928
3 36971
3 86978
3 88963
1 21044
2 48419
3 31885
2 20173
2 12554
2 4109
2 48533
3 64775
2 2202
3 38681
1 22297
2 81054
3 92031
1 24856
2 52991
1 11033
2 51802
2 30052
2 77745
3 11582
2 66920
3 79754
3 31009
3 70206
2 18995
1 58297
2 5961
2 85287
2 22810
2 80100
1 64567
3 74990
2 34881
1 29217
1 76821
1 26377
2 51937
1 68630
2 2730
2 84899
1 10100
2 82203
1 90767
1 61528
2 69426
2 17903
1 37194
2 12044
1 82998
3 68260
3 90832
1 11274
1 56486
3 33032
3 60859
2 80385
1 49782
3 80937
1 36688
3 18297
3 59082
3 24478
3 60702
3 73785
2 17733
1 13918
3 98101
1 65675
3 32826
3 76123
2 48896
2 86630
1 26356
2 51540
3 54772
3 49561
1 25915
3 63998
2 57724
2 72527
3 22974
1 5904
1 19438
3 5185
2 12201
1 77636
3 2344
3 1456
3 93619
3 24614
2 21022
3 67174
2 48177
2 4916
3 83532
1 50128
3 38935
3 19825
3 38996
3 57149
2 89255
1 92145
2 86351
3 90048
1 42438
1 51522
1 60017
2 61292
3 34193
3 2292
1 28472
1 56537
1 61912
1 49490
2 99795
3 20537
2 3127
1 520
2 64493
3 73319
3 33748
1 26930
3 81623
3 67669
2 34842
1 18078
1 73160
2 62635
2 76361
1 63348
2 34534
3 92247
1 75370
1 67288
1 38986
3 24659
1 90114
2 62362
2 13731
1 27273
1 71297
3 99960
2 51858
1 61769
1 78615
3 63622
3 23955
1 4118
1 33821
1 94947
2 58680
3 46599
1 66577
2 61980
3 35574
1 32899
2 84691
2 64761
3 45039
3 96507
1 56747
1 99509
2 34880
2 304
1 80498
3 66393
1 41930
3 58282
3 70728
3 91548
3 13660
3 81619
1 49226
1 35084
3 17058
2 31617
1 38718
3 63383
3 14091
2 53475
1 81245
2 67380
1 77949
1 32743
2 23330
1 49285
1 27731
2 36446
1 16197
2 76191
2 99082
3 16727
1 21976
3 86888
1 30754
1 34857
1 89778
2 81014
3 93418
3 17100
1 34928
1 78532
3 28791
3 12116
1 17898
3 8646
1 83754
2 60459
1 76896
3 32091
1 10622
1 66883
3 36273
3 55017
1 59380
3 20785
2 67535
2 55299
2 95546
1 84764
1 75950
3 96242
2 95137
2 70608
1 16905
3 23952
1 27609
1 55108
2 77157
3 94991
3 40969
2 26444
2 42067
2 80024
2 65878
3 70656
1 37042
1 11882
1 44178
2 38224
2 34830
1 69605
1 5094
2 27594
2 16712
3 60710
1 32971
3 95327
3 24973
2 25078
2 66575
1 58020
3 94860
1 72167
3 39397
1 54886
1 14837
3 27038
1 95220
1 45354
1 60534
3 62172
2 97571
2 69971
3 29542
3 49230
2 38628
1 8503
2 76883
1 71322
3 41212
1 34813
2 91973
3 67480
3 76029
1 94350
2 47883
3 89765
3 68943
2 84911
3 66751
3 2529
2 8206
3 4602
1 98360
1 79396
1 87432
2 806
2 95259
3 95099
1 30189
1 87395
2 59660
3 85450
1 69290
1 64699
1 92180
3 58719
2 33299
1 43751
2 806
3 68207
1 75516
3 19184
3 50531
1 4826
3 1998
3 1854
3 39221
2 12095
1 15273
3 57266
3 8848
3 54703
3 5743
2 32900
2 39755
3 47722
1 80296
2 18192
3 60284
1 20104
1 46930
2 3621
1 1779
1 81751
1 86926
2 38858
2 17203
1 72449
1 89869
3 2629
2 14794
3 30887
1 51269
2 64705
1 811
1 27255
1 42009
1 18047
3 52002
3 83874
3 19173
2 8328
3 76660
2 20144
1 62957
3 75078
1 74528
2 48843
3 15828
2 66059
2 11870
1 48701
1 74235
2 29146
3 6222
2 92537
1 3650
3 19798
1 94981
2 14051
3 23787
2 23969
1 50692
1 54101
3 97921
1 82708
1 34608
1 44392
1 43730
1 23869
3 63067
1 35912
3 29778
3 26271
1 10874
1 34318
1 22723
1 18402
1 98341
1 64886
3 86393
1 50054
3 19120
1 77695
3 60618
3 33011
1 14323
3 97889
2 61249
3 16305
1 97309
3 40891
2 95276
2 40558
3 76301
2 73991
3 43531
3 44981
3 8097
3 14860
3 37616
2 82337
1 44730
2 80949
2 16021
3 25648
1 458
3 63854
3 79722
2 96245
1 50897
1 73075
2 67066
1 41745
3 22424
1 3033
1 3968
3 2480
1 85744
2 60844
2 6262
2 96258
2 49339
2 59660
1 64474
2 37796
1 91338
1 75699
3 49828
1 46494
3 69675
2 41185
2 39755
1 7163
3 23117
2 43505
3 65044
3 41318
1 45400
2 1418
3 13284
1 9977
1 63078
2 73198
2 21623
2 47015
1 19071
2 39828
2 64891
3 81387
3 611
1 89681
2 593
1 16740
3 38322
1 16052
3 46634
2 97708
1 50737
3 83357
2 63959
1 79813
3 21209
1 67187
2 64484
2 44285
2 50731
2 12594
1 70295
1 24633
2 87860
3 89198
1 17796
3 95630
2 34663
1 46266
3 26090
2 37219
2 20702
3 96619
2 77898
3 74818
1 55630
1 39937
3 57188
1 33103
2 28862
3 41374
2 42368
2 42636
2 84350
3 87098
2 68628
2 30853
3 24419
2 68098
1 24604
3 85418
3 9876
2 46771
3 26073
2 43691
2 67919
3 93772
3 57779
3 15169
2 63053
3 85873
2 19876
1 34998
3 87567
1 79081
1 61795
1 48092
2 65209
2 94958
2 59012
1 31023
1 63856
1 4115
1 2026
2 87860
3 80856
3 2017
1 92826
2 45120
2 11219
1 82259
2 38077
3 73730
2 39085
1 50657
1 71126
3 48746
3 44305
3 3342
2 31856
2 42461
1 4736
2 480
2 34192
3 41171
3 44516
2 69844
2 34484
2 69060
2 84805
3 9327
2 77990
2 23378
3 10567
1 72176
3 77241
3 26530
1 82049
1 331
2 54567
2 88854
3 23597
3 12479
1 79439
3 88727
1 48745
2 1369
2 23809
3 4296
1 8033
1 75326
3 76344
2 52937
1 57348
1 26570
2 76088
2 19813
2 14051
3 87708
2 24451
1 68128
2 12319
2 19519
1 69907
2 66292
1 64215
3 15150
2 81518
1 89158
3 14196
2 91392
3 42930
1 93290
3 318
2 70956
1 59251
2 69351
1 95006
2 5829
1 40509
3 58232
1 57930
3 70156
1 14982
3 36997
2 61361
3 13720
3 55538
3 89786
2 85788
2 23128
2 96890
3 93388
1 91683
3 17997
2 9499
1 3136
3 63607
2 51779
1 41651
3 78073
2 51802
3 92645
3 51439
3 68590
2 29146
1 68066
2 20561
2 12337
2 38742
1 92626
3 41758
1 38365
2 35108
3 79929
1 40064
1 47125
2 22147
3 75120
1 3435
3 94658
2 41958
1 69766
1 30327
3 74998
1 22393
2 33593
1 84383
1 27820
3 32278
2 81176
1 66147
1 31611
3 9332
1 99568
2 75991
2 93547
2 28942
2 82016
3 17287
3 61304
1 43754
2 20348
3 16714
3 47245
1 64415
3 67409
1 54909
1 39582
2 53309
2 554
3 11569
3 30868
3 39371
2 99706
2 52106
3 11666
1 60933
1 11193
1 3076
3 55844
2 28749
1 44403
1 82161
1 49471
1 25161
3 23574
1 27657
2 49420
1 4569
3 38722
1 56259
3 34999
3 46033
2 57445
2 40028
3 70458
3 27865
3 4139
3 49150
2 11419
3 65987
3 38094
1 67448
1 67702
2 84211
2 69646
2 18071
3 7515
2 13521
1 58993
2 80024
3 94502
2 48455
2 67613
3 59231
2 64665
3 92012
3 79343
2 48284
3 41279
2 20408
3 25308
2 8328
2 61292
1 80987
3 62457
2 82425
1 90122
2 90401
1 19318
2 37748
3 16878
3 83884
3 51381
1 35512
3 86315
1 1279
1 92763
3 24581
2 32900
1 29908
2 16435
1 91231
2 89345
2 95063
3 98067
2 91518
1 47651
1 22215
2 44256
2 7899
1 94266
1 24481
3 565
2 32134
1 9331
1 1277
2 20144
2 18060
3 9577
1 7340
3 76210
3 19472
2 51685
2 57929
2 58680
1 83244
2 48392
1 76343
3 56717
2 63433
3 99440
2 98882
2 65577
1 55397
1 57317
1 5936
3 24817
1 29478
2 41510
3 29643
3 87311
1 17846
3 17740
3 72719
3 18761
1 55189
2 36834
1 84228
2 1375
3 23297
2 6011
2 70711
3 925
2 39609
3 86260
1 29420
2 88484
2 55777
3 16807
2 73198
1 49639
2 77070
3 63208
2 88956
3 3337
3 58810
1 337
1 48252
3 70727
1 32693
1 6007
1 72962
2 64850
2 304
2 62635
3 40931
1 60579
3 18646
2 88782
2 6698
1 29375
3 88203
2 5736
1 60303
3 84303
3 72316
3 59049
1 17775
1 7377
3 26963
2 39551
1 37553
3 93347
1 36858
2 60038
1 77658
3 70714
3 47279
1 6998
2 7682
1 38028
3 95745
2 12397
2 53574
1 90922
1 63917
2 70672
2 59587
1 58918
3 73051
2 53124
1 47711
2 88540
2 55044
2 16174
1 76683
3 10262
2 24564
1 19002
1 41103
2 5278
3 44250
3 90216
1 12774
2 70182
2 23185
3 14290
3 59494
1 25276
2 13521
3 96439
3 5945
1 56426
3 76942
3 78278
1 83860
2 78204
2 74097
1 32468
2 33741
1 21272
3 37771
1 38741
2 81151
1 33992
3 13420
2 26796
3 53985
1 5463
3 220
1 47624
2 24791
3 43776
3 29746
2 81255
3 18354
2 76992
1 71208
1 22990
1 42268
3 5683
1 98529
1 45341
2 73963
1 79308
1 48618
2 76992
3 33460
2 51858
3 54568
3 30518
2 81740
1 38345
2 90276
3 55572
1 90445
1 51703
1 88867
2 70066
3 59328
1 36214
1 38705
1 43512
1 35262
1 74969
2 2003
1 99279
3 44252
3 93076
2 66436
1 12463
2 59515
2 34830
1 51961
2 34484
2 24345
1 9055
2 54530
3 42681
3 35292
2 88031
3 11073
3 94448
3 35564
2 60994
3 47684
2 34344
3 50330
3 75594
1 74866
2 95362
3 93116
1 67097
1 7998
2 12885
1 47588
3 4532
1 61854
3 36956
1 13243
2 26726
1 4897
2 25824
1 72180
1 13398
3 54718
1 69939
2 51498
2 64008
2 22901
2 55659
1 98906
3 61442
2 9867
3 98001
1 35928
1 42735
1 73955
1 45267
2 56929
3 40381
2 15343
1 78202
1 77635
2 18568
3 92380
1 63476
1 34681
3 80268
3 88518
3 80532
2 26372
1 475
1 79173
1 98643
2 37424
2 48388
1 17908
2 66704
2 72000
1 62543
1 91499
1 20265
3 31342
3 41708
1 80779
2 36446
1 89460
2 383
1 70464
3 68213
2 64428
2 58850
3 90899
3 37384
1 11122
2 61582
1 84429
3 70627
1 74299
2 16171
1 29883
2 81014
1 65854
3 73020
2 16920
3 95116
1 68406
3 53490
3 32291
3 13545
1 20603
3 85466
1 84968
2 11219
1 32744
3 26466
3 7323
2 34484
1 385
1 12033
2 26994
2 53184
1 26630
2 55483
1 85463
1 96118
1 81717
2 78136
3 59442
1 69113
3 29825
1 33306
2 8003
2 76281
1 64032
2 75010
3 44300
1 79488
2 48446
3 37975
3 42091
2 75008
1 48498
2 30751
3 50992
3 91081
1 12351
3 30437
1 62708
1 98356
2 92809
2 99381
2 329
1 86821
1 87899
2 81333
2 93454
3 56573
1 84007
1 47723
3 84315
1 93378
1 64923
3 26610
2 4006
2 49928
1 35364
2 21671
3 18817
3 78086
3 20426
3 17139
1 7314
1 35104
3 20204
1 88634
2 53480
2 63598
3 95070
2 69563
1 14080
2 29569
3 82148
3 37888
3 18507
1 92963
1 86818
2 77936
3 29353
3 13658
1 86694
3 11254
2 45221
2 77816
3 77456
3 79309
3 67198
3 85763
2 59921
2 26500
2 3746
2 50986
1 53497
3 61187
2 92232
3 50959
2 95362
1 58579
1 80540
2 39577
2 95523
2 44884
3 37444
2 59412
3 23666
1 93425
3 97474
3 22164
3 38368
3 83558
2 85029
1 98602
3 74710
3 29888
1 67003
1 40523
3 90540
2 33310
1 37027
1 10925
2 25099
1 68282
1 13842
3 34988
2 3884
1 99612
1 38004
1 66776
1 80719
1 46243
1 456
3 46017
3 37045
2 72408
1 19197
1 33383
2 98555
3 58255
3 65824
1 32606
1 84831
1 22037
3 28093
1 44104
1 8597
2 28401
1 92224
1 27465
3 79146
1 7029
3 86967
3 68645
1 25972
2 36503
3 25852
2 78382
2 21032
2 89825
3 51009
1 28931
1 48799
3 40184
3 97359
3 76914
2 86351
3 46205
2 45386
1 7782
2 29179
1 54115
1 12807
3 89002
2 83071
3 43086
2 75991
2 525
1 4197
2 56494
3 4676
3 80618
2 82016
2 79301
2 54002
2 24235
3 53901
2 82423
1 28969
2 42175
1 50307
1 67912
3 43049
3 71282
3 90803
3 45462
3 57123
1 65841
3 43683
1 71044
1 68706
3 86962
3 41461
2 21244
1 33656
1 85646
3 96282
2 23013
3 19907
1 23453
3 95568
1 43064
1 27052
3 81488
3 32268
1 3115
1 84593
3 92830
1 66500
2 64674
2 89670
2 98398
2 21535
3 52146
2 86596
1 57958
2 51922
2 54586
1 89271
2 33809
1 6958
2 96747
3 9286
3 60236
2 8767
2 93194
3 8385
1 70383
2 43052
1 69530
3 19933
1 96956
1 96658
3 74588
3 54891
1 19292
2 69784
2 586
1 74075
2 50442
3 73547
1 47808
1 77329
3 57
2 4218
3 27641
2 39986
3 72795
3 81079
1 45570
1 26146
2 65688
1 57537
1 32692
1 54870
1 84438
2 7994
3 50583
3 82468
3 28231
3 85438
2 26098
2 81189
1 64161
1 65879
1 67161
1 4326
3 99206
2 51677
2 13782
1 41218
2 41587
2 26607
1 81298
3 79538
1 73211
1 79239
2 4401
3 57158
3 39562
1 41062
3 83230
1 93733
1 61184
2 37657
2 91928
1 63448
1 3522
1 8857
2 43575
2 24987
1 28226
1 9564
1 66558
2 10509
3 30474
2 25078
1 42327
1 63726
1 22212
2 84677
1 6815
3 7862
1 17316
1 59006
1 94704
2 3695
1 63562
2 61019
2 41436
2 53559
3 10188
1 89411
3 79616
3 22167
1 25350
1 56868
2 43129
3 14076
2 79301
3 86782
2 42847
3 81866
3 76124
2 64408
3 89877
1 38974
1 73833
1 56343
1 37004
2 29872
3 18520
3 61770
3 28432
1 97639
1 67389
3 6127
1 68368
3 99775
3 89741
2 68379
1 30185
1 75420
2 31617
2 54667
1 18022
1 98434
3 34905
3 92833
2 5367
3 84047
3 15509
3 90619
3 28663
3 80393
1 90222
3 81506
3 24310
1 29101
2 9206
1 91121
3 47559
2 94990
3 21584
2 88856
2 4184
2 16024
2 87286
3 83497
2 58195
1 59281
1 38207
1 1674
3 44918
2 90163
2 49772
3 84624
1 82269
3 18061
1 12568
2 11755
1 3872
2 53817
3 91453
3 73018
2 34869
1 41069
2 84911
1 14950
2 13782
3 3493
3 10364
2 87883
2 56157
3 59939
2 48827
2 63788
1 72767
3 23654
3 43878
1 25247
3 99738
3 73461
1 49662
2 10888
1 2069
3 84955
3 52897
1 91843
2 32259
3 3916
1 79283
2 63788
2 64004
3 75686
2 38628
2 24564
3 83385
1 37184
1 89941
3 95695
1 14927
1 17348
1 84785
2 66780
3 89334
3 98748
1 28002
2 12885
3 10020
3 97105
2 79983
1 48389
2 98033
3 5013
1 52428
1 26857
2 56826
1 99204
1 76663
3 61266
2 11870
2 69469
3 44598
2 19399
3 3161
1 16737
3 19508
3 30032
3 49248
1 30659
3 35974
2 30416
2 28573
1 45138
3 52229
1 4885
1 74707
1 26888
2 36279
3 99315
3 65637
1 76367
3 75799
3 62562
3 23442
1 60154
2 57132
3 43428
2 17496
2 62260
1 93925
1 70290
3 6813
2 98688
3 10098
1 69373
2 70634
2 67692
2 46039
2 83980
1 12721
2 86708
2 49622
2 60273
1 64659
1 80522
3 42387
3 3908
3 92148
3 44896
1 5427
1 66813
1 44766
2 67860
2 63294
3 73992
3 8702
1 43595
3 5398
3 62027
3 66002
1 38900
3 23973
3 50534
3 95795
2 48843
2 41004
1 91337
1 91199
3 83798
1 26198
2 19920
2 34377
1 81974
2 9945
1 32907
1 51768
2 17733
2 54530
2 28749
2 41004
2 53198
2 95417
3 19808
3 73777
1 12977
2 48446
1 63152
1 63819
3 37666
3 99851
1 7151
1 9822
2 95137
2 74423
2 58843
3 53460
3 8199
2 95216
3 18273
3 16075
2 52045
3 71502
1 76769
3 39330
3 21662
2 96747
2 84512
1 5413
1 25144
3 29313
2 64251
1 3692
3 86508
2 97673
2 46781
1 43641
3 73191
3 35682
1 9687
3 44632
2 59527
2 28693
1 12831
3 82888
1 98604
3 46136
3 1061
2 98555
1 50318
1 56886
2 33593
1 28857
2 7776
1 70978
1 12045
1 30827
1 65759
2 525
2 18471
2 93638
2 48177
3 67438
2 61361
3 16240
2 22147
1 50691
3 88466
2 6016
2 91808
1 67027
3 68210
1 39009
3 37869
3 10233
1 39966
2 43170
2 21895
1 45114
3 42185
3 54333
2 34685
2 3120
2 79692
2 10840
2 70974
3 39319
1 34124
1 11388
1 36311
3 73653
1 45328
3 65544
2 84911
3 23165
2 97511
2 57712
3 57819
2 99181
1 24435
2 67494
2 32959
3 56160
2 10715
3 17749
2 40169
1 92100
2 78788
1 70181
3 49717
1 69627
2 60014
3 29957
1 78798
3 88063
3 90480
1 25128
1 55292
2 51858
2 5623
2 64056
2 16039
2 33755
1 13239
2 27759
2 86596
2 9435
3 45564
1 26484
2 78954
1 13376
1 54483
3 78173
2 97673
2 93188
2 14647
1 89594
3 14518
3 27487
2 16854
2 84350
2 30739
3 9878
2 54140
2 10254
2 18996
2 36425
3 40705
2 10271
2 73733
1 57074
1 73802
2 48154
1 43097
2 90151
2 1621
3 67125
2 2472
1 79065
3 62759
1 6381
1 29040
2 16922
1 84178
1 28298
1 18777
3 63109
3 79249
1 64496
1 58082
3 47035
1 69870
1 48888
2 70416
2 87612
2 12176
2 15612
3 31254
1 59526
2 34557
1 56831
3 90165
1 34859
2 58881
1 29902
2 8208
3 76114
2 2325
2 7671
3 92920
1 83272
1 11855
3 82861
3 86933
3 71138
1 76444
3 34297
1 46999
2 58413
1 80531
1 83081
1 17482
1 21226
3 60304
1 11334
1 64048
2 95137
2 96249
2 48388
3 42877
3 73529
3 31912
2 80102
2 11680
2 27240
3 3215
1 81483
1 49057
2 79484
1 51996
2 88359
1 50496
2 12885
1 84069
1 63960
1 52216
2 41727
3 96512
3 57242
2 98688
3 90374
3 66650
3 71298
1 28409
2 92309
1 53484
2 79113
1 51417
2 87333
1 68826
1 94241
3 47841
3 9329
1 7237
2 46238
1 38468
2 49420
3 69852
1 31038
1 70549
2 37876
1 20402
1 87093
1 7944
3 99283
1 42369
3 32435
2 36517
2 76755
1 17030
3 98291
2 37424
2 94811
2 74013
3 53224
2 20278
2 34342
2 36425
1 99171
3 69409
2 74013
1 7351
2 81143
1 952
3 63791
2 24688
3 61629
2 84269
1 55245
1 14039
3 53104
1 35492
2 32931
3 19838
1 27457
3 16406
1 52682
3 48759
1 94852
2 8766
3 72537
1 18604
1 253
3 28579
3 55840
3 68800
3 71110
3 38041
2 35244
2 9963
2 30416
2 18996
3 22019
2 85445
1 53788
3 40023
3 94052
1 27975
2 24564
1 15302
1 4300
1 1361
2 21623
1 3610
1 10494
1 42640
2 81051
1 1266
3 40197
2 2497
3 91127
2 53349
2 3200
1 85035
1 3037
1 50497
2 57712
1 7693
1 2871
2 90835
1 93855
3 64451
2 2947
3 19098
2 40203
2 70355
2 24693
3 70597
3 48424
2 25040
1 50635
3 16992
3 57918
2 69469
2 35108
1 50143
3 86494
3 82575
1 91376
3 98329
3 19702
2 92809
1 32993
1 26136
3 32011
2 92778
1 13260
2 26994
3 88460
2 69532
1 24968
3 65455
2 26500
1 3317
3 46916
1 16526
1 87079
1 98514
1 35140
1 14407
3 75868
2 3120
1 35504
2 917
3 39926
1 52877
1 47328
2 36834
3 48739
2 86922
1 18549
1 9757
2 19643
2 5367
2 16421
3 53942
2 83980
2 23502
1 8843
3 29874
1 12771
3 25020
2 90180
3 71460
1 50153
3 73285
2 3478
1 61924
1 19219
3 2444
1 41244
2 32900
2 39814
2 2584
2 36811
2 4245
1 30550
1 58602
3 12879
1 26003
2 98133
1 47310
3 34480
1 8095
2 84014
3 86102
1 52164
3 31385
3 38960
3 1030
3 63780
3 22272
3 99597
2 99457
2 49764
3 31921
1 54969
3 70548
3 61070
1 32854
2 10715
2 62635
3 1370
2 39100
1 59340
3 76557
2 81931
2 35759
3 50072
2 12852
1 81300
3 39427
3 6818
3 56815
3 67255
2 31477
3 4484
2 20348
1 81613
1 29938
2 52824
3 2927
1 19648
2 76204
1 28833
1 19821
3 44646
3 13882
2 10911
1 94944
3 94539
1 18371
3 19673
1 10714
1 26229
2 74962
1 36779
1 71184
2 94312
3 31482
1 50855
2 72408
3 84997
1 95201
1 20422
2 7100
3 33326
3 35873
1 79441
2 6592
1 41918
2 95831
1 57151
3 77838
2 44010
1 36620
3 25372
2 63298
3 6486
2 99131
3 39894
3 51171
1 93080
1 62840
1 80544
2 94958
1 12348
3 49873
1 26659
1 35412
3 94634
2 23502
1 99180
2 9087
2 53452
3 24374
3 83257
2 67109
1 32000
2 73246
3 57137
2 50308
2 97708
2 28862
3 51878
1 46322
2 25611
1 67304
3 64105
2 87883
3 7036
3 37919
2 61094
2 91639
1 71789
2 49928
2 52998
1 36789
2 71595
1 98888
2 51444
3 80076
1 86023
3 98650
3 15037
2 18847
3 61686
2 8628
3 71799
1 57647
1 93361
3 73012
2 75979
2 39886
3 81877
2 51440
3 83225
2 16008
3 16417
2 97452
1 2566
2 76246
3 26846
1 55428
1 13335
1 15513
2 29393
2 71105
2 48825
3 96437
1 33109
3 66148
1 84245
3 72550
1 1832
1 59139
1 52680
2 88885
2 26361
2 92672
1 85698
2 9435
3 99993
3 93996
3 28417
3 39471
3 95624
2 52627
2 40169
3 38872
3 84642
2 36503
1 73917
3 83281
3 79232
1 38845
2 91639
3 33453
3 30691
1 58210
2 7145
2 6698
1 20228
2 90934
2 35772
2 58726
2 49527
3 36656
1 36630
3 14397
3 66013
1 40124
2 55455
1 49637
1 92761
2 77070
3 41846
2 39814
1 3087
3 97965
1 52108
3 43277
1 75143
3 7099
1 55477
2 29559
1 98327
1 42074
3 64910
1 93558
2 18376
2 7842
1 3592
1 40348
3 5206
3 24041
2 19979
3 63018
2 44264
3 38892
1 49289
3 95148
3 6058
3 39296
2 45272
1 44426
2 78778
1 14546
1 62078
1 60378
1 54172
3 12292
3 69589
2 20561
2 3387
1 25523
2 86708
2 4047
1 35701
3 74186
3 81757
1 62526
1 47881
3 3995
1 92487
2 65958
1 30233
2 18320
2 45723
2 81945
3 17912
1 81724
2 12201
1 5453
3 43838
3 44535
2 85204
2 8159
3 44605
1 51905
3 14877
2 48388
2 27572
1 41022
1 29491
1 63117
1 66399
1 6956
2 156
3 87891
3 52762
1 38782
1 36483
1 32703
3 35547
3 97045
3 79532
1 63587
3 61181
3 45660
3 61921
2 77067
1 85380
3 37462
1 82754
1 19719
1 96962
3 63995
2 25611
1 44687
1 56440
2 44928
2 82546
1 58734
2 95259
1 89357
2 8557
2 23036
3 35036
1 29599
3 78353
3 75468
3 69273
1 28949
3 29529
1 41124
2 89042
1 45056
3 2740
2 59839
3 2663
2 50566
2 22871
2 15813
1 5599
3 73544
1 46538
1 21004
2 9337
1 5248
2 98762
1 12477
1 85579
1 8537
2 93119
3 12958
3 62451
1 45460
3 82177
1 55130
1 11608
3 89747
3 32213
2 87202
1 81129
2 75733
2 53475
3 77344
3 59266
1 43840
2 86499
2 21651
2 22846
1 6331
3 49017
3 20434
3 66518
2 53559
3 99123
2 87956
2 92402
2 56482
2 2627
1 16596
3 32
3 70304
1 51007
2 34038
1 23856
1 67168
2 71919
3 56875
3 8025
3 39680
2 41434
2 47316
2 44256
3 7322
2 70298
2 54530
1 1824
1 42927
2 49510
2 88567
2 92013
1 48696
2 92599
2 86692
1 9438
3 75200
1 1272
3 72170
3 384
1 40724
2 40289
3 38819
1 28963
1 62283
3 1493
1 88425
1 9889
1 81094
2 48818
3 24136
2 8313
1 40402
2 83904
2 8767
3 88627
2 66476
2 77898
2 67430
2 92778
1 77584
1 15170
3 8002
2 32536
2 36550
3 7603
3 17341
1 87576
1 35938
3 44993
2 96265
1 24951
3 31940
3 32511
1 86109
2 82542
2 56445
2 51677
1 56863
3 13030
1 59519
3 21143
1 40135
3 71671
3 68685
3 77171
2 51922
3 40660
2 77556
3 80817
3 33653
3 82783
3 180
2 43216
3 14201
3 90481
2 2202
3 9638
1 21454
3 84958
1 2280
3 87926
3 1514
1 98857
1 72662
2 23013
2 94672
2 82406
1 23737
2 89208
1 31217
1 42069
2 6639
3 87122
2 80102
2 80385
3 98124
3 4698
3 15893
3 96260
2 45212
2 11880
1 12496
2 17327
1 30611
2 19241
2 94810
2 10700
2 45344
3 5349
2 99097
3 2563
1 92398
1 26455
3 31928
1 6266
2 3802
3 65486
2 84998
1 80762
2 6726
2 51440
2 83980
3 93687
1 54730
2 68220
1 44965
1 82774
1 56770
1 48897
2 76204
3 97081
2 30132
3 85071
2 4109
2 84911
1 42448
1 83578
2 7776
1 59560
2 77556
3 21087
1 2110
1 27053
2 72928
1 16373
3 66155
3 84515
3 89989
3 70667
1 57078
2 7994
3 96763
2 11419
1 65995
2 27572
3 43527
2 20702
1 76541
2 50559
2 78007
2 31584
2 34956
1 50480
2 83766
3 21043
2 74964
1 61405
2 89243
1 68647
3 46862
3 77775
2 84896
1 77011
1 73620
2 91261
1 20000
3 37443
3 35566
1 90784
2 34610
1 80068
2 69701
1 96393
2 7682
1 5003
2 41203
1 92981
1 49443
3 52956
2 43547
3 90977
2 45272
3 59163
2 2325
3 48935
1 74202
2 25513
2 5975
3 89917
1 94808
3 31260
1 7149
1 58560
3 35805
3 53661
3 85108
2 51163
3 278
3 23049
1 73183
2 94520
3 15993
2 39577
2 34377
1 43235
1 73373
1 76083
2 94214
1 56813
1 79234
2 79738
3 23134
1 97780
3 76706
1 81926
1 94358
1 59464
1 68091
1 12551
3 97728
3 28699
3 69635
1 94476
1 48229
3 74359
2 12594
3 667
2 49730
1 50083
2 46583
2 79983
3 48555
3 36209
1 39409
3 36764
3 1084
2 3387
3 65564
1 7982
1 17046
1 28606
3 18496
2 58647
3 478
2 59148
1 34977
3 59516
1 12093
3 35656
1 32284
2 65577
1 7454
2 25790
2 97789
3 71510
2 78857
1 93839
3 64222
1 26876
2 46453
1 50041
3 49870
3 71851
3 19085
3 44290
3 46773
1 90342
3 35456
3 93860
3 85349
2 11036
3 68919
1 9922
2 43133
1 90166
2 61017
3 72830
2 93868
3 74902
1 80859
2 32709
1 11832
1 16061
2 5682
1 36863
1 45302
3 58060
2 65389
1 34205
1 5363
2 73412
3 44179
2 59988
3 79923
2 28749
2 10286
3 21658
2 10935
1 20640
1 57532
3 86812
2 57771
2 39193
3 55185
2 70653
1 25874
2 21328
3 97260
3 18654
2 58389
1 23215
3 35573
1 26287
1 55635
3 2490
1 12081
3 56104
3 89614
1 7290
3 56084
1 65284
1 68734
2 92045
1 30570
2 74480
1 47799
3 43176
1 69855
3 80787
2 18
2 19657
2 46112
3 70357
1 93243
2 95778
3 25579
3 84128
3 78851
2 29129
2 53349
3 29435
1 4843
2 6851
2 7775
2 99097
3 69124
1 16756
1 56173
3 99259
1 97347
1 39054
1 75600
1 46560
2 4649
2 77443
3 23569
3 28685
1 33951
3 91560
1 31187
3 46090
3 34350
3 16652
2 66510
2 56308
3 26993
2 56597
3 23084
1 49521
3 93961
3 77656
3 50197
1 24406
2 22541
1 68239
3 13554
1 55546
3 79785
3 77673
1 77883
3 15033
2 48211
1 97642
3 37110
3 74214
3 74422
2 95417
2 76686
3 6843
3 78600
3 3320
1 10760
2 22239
1 6335
2 32270
2 30603
2 7640
1 94222
2 14344
1 84087
1 53491
3 26067
3 87806
3 71645
1 35618
1 70147
3 14177
1 51327
2 48373
3 57396
3 21374
2 43784
2 53759
3 99957
1 89027
3 47014
2 6530
2 74353
1 27154
2 84873
2 93873
3 10807
1 52607
1 84439
3 56404
2 47067
2 3469
1 24991
3 1067
3 83001
2 73292
3 45611
3 81305
2 57353
2 14770
1 55083
1 18698
1 53209
3 1834
1 8739
3 93226
2 91809
1 47240
1 13238
1 61783
2 56482
3 40121
1 78172
2 76804
2 68850
2 16471
2 91943
1 89923
2 18227
3 14933
2 56929
1 75701
3 59388
2 67954
2 25714
1 23363
1 20441
3 53660
1 47441
3 28525
3 17208
3 25761
2 87886
3 70015
3 79340
3 59550
3 91585
3 65488
3 70726
1 9699
3 67761
1 37967
3 88937
1 55117
3 60867
3 9191
3 56705
2 58097
2 71944
2 37726
1 11644
1 86183
3 78425
3 82333
3 77836
3 59616
3 30471
2 57894
1 63978
2 28749
3 43386
1 13791
2 55918
1 86278
1 6270
3 39021
3 47634
2 84734
3 5665
2 19032
1 68821
1 43979
3 21166
3 20404
3 3250
3 84051
2 99242
1 90929
3 98803
2 4830
1 71744
3 3677
1 77274
2 95259
1 88528
1 15676
1 4225
2 6319
3 38568
1 31889
3 57456
2 93146
1 47192
2 2882
2 49538
2 76804
2 59278
1 63851
3 85317
3 12713
3 67072
1 15735
2 71276
1 34101
3 80008
2 77840
2 5515
3 41767
2 54977
2 89669
1 36006
1 64875
2 87896
1 32712
3 15803
1 40486
1 79087
3 11166
3 67559
1 22638
2 34662
3 72889
3 25625
1 25515
2 43129
2 18013
2 78381
3 29856
3 77861
3 70544
2 99082
3 14513
1 96268
3 4867
3 66318
3 21544
3 52679
1 20766
1 51804
1 48289
2 87952
1 31452
2 50519
2 84800
2 47283
1 65983
2 42584
1 89807
2 16471
1 16314
1 43912
3 44808
2 65387
3 19750
1 19302
2 30274
1 86661
3 10895
2 71424
2 48203
1 60310
1 14190
3 15541
2 40692
2 5736
3 30332
3 98777
3 70360
2 9407
3 26923
3 29474
3 23361
1 11328
3 60699
2 90679
1 56364
3 65191
1 72305
1 45796
3 79599
1 5047
1 84516
3 45840
1 49083
1 13654
1 79137
1 89284
2 51685
1 93518
1 10660
3 2419
3 97830
1 36759
1 49410
3 52577
1 68492
1 62492
3 56129
2 48284
1 32079
3 2531
1 5794
3 6563
2 99272
3 85972
3 86603
3 18436
3 31055
3 46241
3 12407
1 10265
3 41251
1 10673
3 71703
2 86633
1 70818
2 43829
3 72632
1 35105
3 1316
3 67766
3 77114
3 88360
2 82537
3 89509
1 62173
3 44964
1 60552
3 98936
1 11305
1 7150
2 38236
2 25947
3 83131
2 2025
2 8206
1 35100
3 64924
1 8424
3 83693
1 36922
2 37906
1 27424
3 86392
3 14171
2 38009
3 31053
3 1872
3 65450
2 71105
2 69971
2 33310
3 92723
3 95510
1 4986
3 18296
3 45256
3 79025
3 43508
2 31279
1 12311
3 27919
1 46256
1 58089
1 49456
1 41850
1 28555
1 50344
2 55991
3 51263
2 82691
1 91710
2 36279
3 65682
3 83552
1 6945
1 89263
2 41185
3 77276
3 91404
1 91561
3 62719
1 26168
2 15193
2 6238
3 42223
1 20955
3 98496
2 49420
3 48343
3 67536
3 85391
2 92123
3 30583
3 68100
3 38442
2 95063
2 8933
3 73375
3 13937
1 74323
2 29495
1 20983
3 85220
1 21608
1 27535
3 57127
3 55574
2 55372
3 50125
3 86538
1 28526
1 90073
3 68990
2 917
2 37219
1 84367
2 89536
1 19410
3 24504
1 16144
2 49777
1 45760
2 91518
2 85545
2 38957
2 6726
1 48422
2 72283
2 52675
1 68159
3 52262
1 36909
3 1717
3 30472
2 2232
3 27875
1 42073
3 50813
3 96215
1 37821
3 75155
2 76163
3 26368
3 74328
3 48232
1 63360
3 89550
1 81030
3 17493
2 36811
1 34148
2 32855
1 24941
1 52532
2 99655
1 5956
3 17464
3 25187
1 31581
3 28770
1 7043
2 43646
1 70967
1 13231
1 3300
1 84809
1 77545
1 75626
1 86772
1 61804
2 29086
3 27971
2 84899
1 86518
2 86703
2 10123
1 60205
2 84081
3 31936
2 24345
3 53822
3 65762
3 1575
2 22112
2 47606
1 35055
1 57001
3 9548
1 97805
1 38191
1 12050
3 7572
3 60156
2 13384
3 73843
2 25289
3 75996
1 48697
1 48109
1 34367
1 20673
2 92402
2 43133
1 43544
1 75359
2 40416
3 75956
2 59587
1 96024
2 22951
3 75422
2 24321
2 14794
1 28282
2 50535
3 52384
3 21518
1 46134
2 20595
3 77675
3 54775
2 31170
3 33810
2 78348
1 98511
2 49622
1 76933
2 14070
2 92522
3 98622
3 33321
3 36093
1 56743
3 3368
3 83705
3 12275
2 88671
2 74480
2 24281
3 78334
1 97665
1 96108
1 26283
1 35023
1 72522
1 7659
2 30409
1 46743
2 380
2 79258
3 3383
2 79415
3 61470
2 23809
3 38194
2 10286
2 49493
1 67064
1 39402
1 86003
2 39003
1 39309
2 74352
3 89658
2 43769
2 61844
2 94214
3 6827
1 22956
2 34290
2 8933
1 87195
3 79369
3 75825
3 62364
3 45706
3 29687
1 62393
1 41265
3 9355
1 75836
3 35082
3 10777
3 38
2 806
3 32882
1 52235
2 15156
2 76548
1 84774
3 8678
1 49936
2 70196
2 48482
3 80998
2 36984
2 38628
1 1258
3 7142
2 78547
2 56141
2 44664
3 33091
1 9027
2 30132
2 48320
2 74646
3 68655
2 49396
2 43858
2 94718
2 60273
3 17610
3 30841
1 12314
2 91237
3 83415
2 63334
2 93827
3 27204
1 5092
3 6210
1 3893
3 46330
1 10174
2 8938
1 12363
2 29936
3 62782
1 18325
3 40020
1 89311
3 63538
3 40219
2 68369
1 43914
3 18253
3 10841
3 61880
2 49493
1 24875
1 20643
1 73627
2 54061
2 46242
2 4561
3 64904
3 94056
2 49407
1 44848
2 14339
2 88885
2 68073
2 51513
2 10509
2 35782
3 2820
3 19045
2 93043
1 60377
2 48915
3 39174
3 95793
2 43785
2 80050
3 4483
1 18340
1 11901
1 55830
2 47701
2 24722
2 37951
2 77541
2 35114
1 10732
2 69532
2 91521
3 66432
2 30635
1 29814
3 73094
3 2698
2 60688
2 20368
1 77550
1 69890
1 12223
1 65612
3 67964
2 3524
1 48304
2 89712
2 79113
3 30506
3 81722
3 6746
2 65279
1 28000
2 88885
1 89654
1 46264
1 30092
3 59245
1 47010
3 64639
3 75972
1 77519
1 38786
2 53198
1 41209
1 60590
2 65075
1 89108
3 13288
1 38689
2 96508
1 41073
3 40117
2 35929
3 84123
3 57945
3 60999
2 51802
2 43129
1 68176
1 88629
2 19252
3 83569
3 45161
3 67165
3 45347
3 12242
2 36287
2 49540
2 32134
1 8533
3 92986
2 81518
1 8504
2 90047
3 28248
3 76774
3 69039
2 16591
1 49587
2 30739
2 66704
2 94640
1 26318
2 21651
1 55342
2 75275
3 64991
3 161
1 68592
1 68453
2 51677
2 45535
1 40011
3 70971
2 5492
3 59849
2 69469
2 73991
2 93468
3 23007
1 28360
2 37755
2 36216
1 23424
1 30948
2 95291
2 64300
3 29145
3 70285
3 65166
1 91105
2 56482
3 82569
3 83249
1 92987
3 47161
1 32636
3 73393
1 38200
1 79014
2 96205
3 60219
2 8239
3 16948
2 25519
2 17881
1 19316
2 41616
2 3802
1 50836
2 30587
1 23617
2 30587
1 2437
2 13384
1 89305
3 36113
3 63458
1 41255
1 63800
3 40454
2 525
1 86644
3 61653
3 32465
1 13480
1 92164
1 69571
1 17528
1 24728
3 20576
1 40847
1 61018
3 77305
3 46550
3 30232
2 156
1 77064
1 40561
2 52847
1 80631
2 86476
1 30812
1 69364
2 82406
1 15203
3 82430
1 82517
2 47650
3 62495
1 20987
1 89145
3 66124
3 62353